###performance-id:      
###track-name:          NIFCCD-000-04-057-berceuse.mp3
###title:               Berceuse, Op. 57
###rc-date:             2019-10-30
###reverse-conductor:   Marta Lawrence
###beat:                eight
###performer:           Raul Koczalski
###performance-date:    1948
###label:               NIFCCD 000
###label-title:         The Real Chopin, Volume 0
###score:               057-1a-MEIj.krn
###thru:                A
5.758004535	1.1
6.718004535	1.2
7.258004535	1.3
7.798004535	1.4
8.385306122	1.5
8.938004535	1.6
10.024489795	2.1
10.638004535	2.2
11.252970521	2.3
11.878004535	2.4
12.508004535	2.5
13.138004535	2.6
13.948004535	3.1
14.648004535	3.2
15.139410430	3.3
15.795918367	3.4
16.497777777	3.5
17.058004535	3.6
17.648004535	4.1
18.278004535	4.2
18.808004535	4.3
19.382857142	4.4
19.934331065	4.5
20.508299319	4.6
21.068004535	5.1
21.687437641	5.2
22.148004535	5.3
22.668004535	5.4
23.225759637	5.5
23.768004535	5.6
24.342857142	6.1
24.922448979	6.2
25.437460317	6.3
25.967891156	6.4
26.468004535	6.5
27.045442176	6.6
27.618004535	7.1
28.228004535	7.2
28.742857142	7.3
29.268004535	7.4
29.808004535	7.5
30.378004535	7.6
30.930612244	8.1
31.468004535	8.2
31.998004535	8.3
32.528004535	8.4
33.081179138	8.5
33.708004535	8.6
34.256689342	9.1
34.898004535	9.2
35.428004535	9.3
35.958004535	9.4
36.554013605	9.5
37.108004535	9.6
37.668004535	10.1
38.198004535	10.2
38.728004535	10.3
39.272199546	10.4
39.772879818	10.5
40.308004535	10.6
40.858004535	11.1
41.428004535	11.2
42.008004535	11.3
42.586848072	11.4
43.176054421	11.5
43.778004535	11.6
44.296417233	12.1
44.844988662	12.2
45.388004535	12.3
45.959546485	12.4
46.516825396	12.5
47.118004535	12.6
47.709750566	13.1
48.318004535	13.2
48.780770975	13.3
49.232108843	13.4
49.678004535	13.5
50.138004535	13.6
50.578004535	14.1
51.028752834	14.2
51.526530612	14.3
52.018004535	14.4
52.616417233	14.5
53.208004535	14.6
54.179410430	15.1
54.707664399	15.2
55.198004535	15.3
55.697414965	15.4
56.257596371	15.5
56.809070294	15.6
57.317006802	16.1
57.877188208	16.2
58.385124716	16.3
58.897414965	16.4
59.416961451	16.5
59.997460317	16.6
60.467664399	17.1
61.030748299	17.2
61.545941043	17.3
62.019047619	17.4
62.509569160	17.5
63.068299319	17.6
63.615419501	18.1
64.108004535	18.2
64.642902494	18.3
65.159546485	18.4
65.725532879	18.5
66.288616780	18.6
66.869115646	19.1
68.046077097	19.2
68.664308390	19.3
69.050340136	19.4
69.416054421	19.5
69.786122448	19.6
70.169251700	20.1
70.558004535	20.2
70.958004535	20.3
71.328004535	20.4
71.681632653	20.5
72.097959183	20.6
72.502040816	21.1
72.881632653	21.2
73.258004535	21.3
73.688004535	21.4
74.069387755	21.5
74.465306122	21.6
74.857142857	22.1
75.318367346	22.2
75.818004535	22.3
76.265941043	22.4
76.759183673	22.5
77.293877551	22.6
78.158004535	23.1
78.901405895	23.2
79.432562358	23.3
80.227845804	23.4
80.831564625	23.5
81.278548752	23.6
82.658004535	24.1
83.037460317	24.2
83.688004535	24.3
84.158004535	24.4
84.758639455	24.5
85.548004535	24.6
86.148934240	25.1
86.628004535	25.2
87.022585034	25.3
87.408004535	25.4
87.829478458	25.5
88.218412698	25.6
88.610249433	26.1
88.999183673	26.2
89.402630385	26.3
89.808979591	26.4
90.268004535	26.5
90.738004535	26.6
91.428004535	27.1
92.167256235	27.2
92.638004535	27.3
93.228004535	27.4
93.847800453	27.5
94.368004535	27.6
94.948004535	28.1
95.548004535	28.2
96.118004535	28.3
96.618004535	28.4
97.187120181	28.5
97.728004535	28.6
98.338004535	29.1
98.838004535	29.2
99.368004535	29.3
99.908004535	29.4
100.466938775	29.5
100.976326530	29.6
101.537959183	30.1
102.048004535	30.2
102.587210884	30.3
103.148004535	30.4
103.698866213	30.5
104.298004535	30.6
105.448004535	31.1
105.975873015	31.2
106.458004535	31.3
106.908004535	31.4
107.348752834	31.5
107.776870748	31.6
108.218049886	32.1
108.653424036	32.2
109.080090702	32.3
109.508004535	32.4
109.978004535	32.5
110.428004535	32.6
110.955102040	33.1
111.566077097	33.2
112.088526077	33.3
112.577596371	33.4
113.076825396	33.5
113.578004535	33.6
114.118004535	34.1
114.608004535	34.2
115.107120181	34.3
115.641179138	34.4
116.179591836	34.5
116.776054421	34.6
117.628004535	35.1
118.292607709	35.2
118.799092970	35.3
119.278004535	35.4
119.728004535	35.5
120.177777777	35.6
120.836643990	36.1
121.266213151	36.2
121.753832199	36.3
122.347392290	36.4
122.968526077	36.5
123.623038548	36.6
124.518004535	37.1
125.158458049	37.2
125.588004535	37.3
126.008004535	37.4
126.444263038	37.5
126.850612244	37.6
127.280181405	38.1
127.744580498	38.2
128.168344671	38.3
128.638004535	38.4
129.078004535	38.5
129.538321995	38.6
130.018004535	39.1
130.811065759	39.2
131.282721088	39.3
131.798004535	39.4
132.278004535	39.5
132.741224489	39.6
133.179501133	40.1
133.598911564	40.2
134.109750566	40.3
134.607528344	40.4
135.134331065	40.5
135.566802721	40.6
135.977505668	41.1
136.385306122	41.2
136.845351473	41.3
137.268004535	41.4
137.723356009	41.5
138.187755102	41.6
138.608004535	42.1
139.028004535	42.2
139.486621315	42.3
139.906031746	42.4
140.337052154	42.5
140.797097505	42.6
141.199092970	43.1
141.990022675	43.2
142.448004535	43.3
142.918820861	43.4
144.113197278	43.5
144.715464852	43.6
145.208004535	44.1
146.378004535	44.2
147.185487528	44.3
147.785623582	44.4
148.915374149	44.5
149.966077097	44.6
150.688004535	45.1
151.405714285	45.2
152.135691609	45.3
152.647981859	45.4
153.164625850	45.5
153.740770975	45.6
154.447528344	46.1
155.115102040	46.2
155.784126984	46.3
156.364625850	46.4
156.910294784	46.5
157.702675736	46.6
158.946394557	47.1
159.748004535	47.2
160.307664399	47.3
160.808004535	47.4
161.457052154	47.5
162.284263038	47.6
163.438004535	48.1
164.014149659	48.2
164.498004535	48.3
165.108390022	48.4
165.648253968	48.5
166.337596371	48.6
167.137233560	49.1
167.767074829	49.2
168.459319727	49.3
168.965804988	49.4
169.479546485	49.5
169.991836734	49.6
170.578004535	50.1
171.086077097	50.2
171.564988662	50.3
172.065668934	50.4
172.627301587	50.5
173.350022675	50.6
174.258503401	51.1
174.838004535	51.2
175.258004535	51.3
175.854875283	51.4
176.168004535	51.5
176.487619047	51.6
177.139229024	52.1
177.716825396	52.2
178.058004535	52.3
178.660136054	52.4
179.078095238	52.5
179.504761904	52.6
180.014149659	53.1
180.468390022	53.2
180.906666666	53.3
181.368163265	53.4
181.897868480	53.5
182.439183673	53.6
183.008004535	54.1
183.788004535	54.2
184.476734693	54.3
185.028004535	54.4
185.648004535	54.5
186.348843537	54.6
187.270385487	55.1
187.877006802	55.2
188.388004535	55.3
188.878004535	55.4
189.816598639	55.5
190.428004535	55.6
191.038004535	56.1
191.748004535	56.2
192.328004535	56.3
192.918004535	56.4
193.728004535	56.5
194.548004535	56.6
195.304489795	57.1
196.107755102	57.2
196.634557823	57.3
197.158004535	57.4
197.651156462	57.5
198.118004535	57.6
198.618004535	58.1
199.244625850	58.2
199.769251700	58.3
200.333061224	58.4
200.838004535	58.5
201.327891156	58.6
202.170340136	59.1
202.598004535	59.2
203.112925170	59.3
203.608004535	59.4
204.440816326	59.5
205.037278911	59.6
205.568435374	60.1
206.053877551	60.2
206.518004535	60.3
206.998004535	60.4
207.488004535	60.5
207.938004535	60.6
208.446258503	61.1
208.983945578	61.2
209.515102040	61.3
210.038004535	61.4
210.548004535	61.5
211.095510204	61.6
211.708004535	62.1
212.314557823	62.2
212.967619047	62.3
213.608004535	62.4
214.297687074	62.5
215.157551020	62.6
216.208004535	63.1
216.778004535	63.2
217.290884353	63.3
217.935238095	63.4
218.599183673	63.5
219.141224489	63.6
219.687619047	64.1
220.247074829	64.2
220.852244897	64.3
221.542312925	64.4
222.349931972	64.5
222.894149659	64.6
223.477551020	65.1
224.013061224	65.2
224.526802721	65.3
225.210340136	65.4
225.852517006	65.5
226.396734693	65.6
226.932244897	66.1
227.478004535	66.2
227.935782312	66.3
228.498004535	66.4
229.398004535	66.5
229.968004535	66.6
230.656870748	67.1
231.401360544	67.2
231.997823129	67.3
232.638004535	67.4
233.338004535	67.5
233.837278911	67.6
234.366258503	68.1
235.006258503	68.2
235.646258503	68.3
236.388571428	68.4
237.196190476	68.5
238.180136054	68.6
239.428004535	69.1
239.958639455	69.2
240.544217687	69.3
241.164625850	69.4
241.671836734	69.5
242.290068027	69.6
242.947482993	70.1
243.476462585	70.2
244.001088435	70.3
244.558367346	70.4
245.187482993	70.5
245.825306122	70.6
